1559735717.090173 0.024258 -0.002131 -2.832890 0.001185 0.000052 -0.000831 0.226847 0.012484 -9.787006
1559735717.108167 0.024251 -0.002157 -2.832884 -0.001391 0.000759 -0.000269 0.219394 0.004623 -9.771720
1559735717.120136 0.024259 -0.002119 -2.832901 0.001119 0.000658 0.000448 0.231117 -0.033390 -9.796822
1559735717.138142 0.024261 -0.002124 -2.832894 0.001729 0.000172 0.001277 0.235930 0.043079 -9.802058
1559735717.150412 0.024258 -0.002125 -2.832879 -0.000265 0.000064 0.000232 0.236194 -0.003476 -9.785456
1559735717.168180 0.024277 -0.002133 -2.832899 -0.000735 0.000991 0.001603 0.240068 0.008984 -9.796823
1559735717.180177 0.024286 -0.002153 -2.832878 -0.001242 0.000782 -0.000161 0.245360 0.013140 -9.829761
1559735717.198188 0.024292 -0.002144 -2.832903 0.000139 -0.000281 0.001215 0.261693 0.001570 -9.788706
1559735717.210161 0.024296 -0.002152 -2.832883 -0.000041 -0.000268 0.001174 0.266545 0.053325 -9.809315
1559735717.222155 0.024291 -0.002169 -2.832882 -0.001644 -0.000623 0.000399 0.242997 0.022968 -9.801133
1559735717.240198 0.024295 -0.002156 -2.832902 -0.000605 -0.000242 0.000545 0.260016 -0.002150 -9.800838
1559735717.252196 0.024315 -0.002166 -2.832881 0.000402 0.000970 0.000273 0.263578 0.067321 -9.822117
1559735717.270275 0.024314 -0.002177 -2.832883 -0.001800 -0.000195 -0.000620 0.253051 0.002664 -9.787302
1559735717.288209 0.024320 -0.002160 -2.832891 0.000640 0.000306 -0.000108 0.254571 0.008472 -9.784107
1559735717.300177 0.024314 -0.002188 -2.832871 -0.001642 -0.000012 0.000231 0.244946 0.039029 -9.809547
1559735717.318206 0.024316 -0.002188 -2.832886 -0.000807 0.000621 0.000446 0.249781 0.011010 -9.777986
1559735717.330239 0.024317 -0.002190 -2.832887 0.000640 0.000044 0.000791 0.251986 0.050001 -9.804523
1559735717.348262 0.024304 -0.002196 -2.832877 0.000145 -0.000717 -0.000105 0.234153 0.002967 -9.793112
1559735717.366245 0.024302 -0.002178 -2.832867 0.000931 -0.000553 0.001048 0.236221 0.017511 -9.783948
1559735717.378511 0.024299 -0.002218 -2.832849 -0.001123 -0.000886 0.001056 0.251787 0.074851 -9.826048
1559735717.390234 0.024293 -0.002207 -2.832859 -0.000662 -0.001373 -0.000377 0.247988 -0.030125 -9.799915
1559735717.408237 0.024296 -0.002178 -2.832884 0.000974 -0.000333 0.000458 0.232037 -0.003712 -9.778370
1559735717.420213 0.024300 -0.002208 -2.832861 -0.000405 -0.000591 0.000971 0.240091 0.055315 -9.814577
1559735717.438208 0.024294 -0.002191 -2.832890 0.000080 -0.000948 0.001421 0.245808 -0.004916 -9.780996
1559735717.450264 0.024295 -0.002181 -2.832891 -0.000157 -0.000739 0.000649 0.242988 0.019090 -9.807614
1559735717.468260 0.024298 -0.002195 -2.832899 -0.001572 -0.000428 0.000272 0.235611 0.005260 -9.791587
1559735717.480252 0.024306 -0.002181 -2.832920 -0.000552 0.001212 0.000882 0.247326 -0.013186 -9.804979
1559735717.498246 0.024296 -0.002203 -2.832884 -0.001202 -0.000322 -0.000801 0.235676 0.060673 -9.806950
1559735717.516225 0.024278 -0.002193 -2.832889 -0.000507 -0.000802 -0.000427 0.232179 -0.014702 -9.776421
1559735717.522226 0.024285 -0.002173 -2.832913 0.000632 0.000761 0.000569 0.231003 -0.004593 -9.775829
1559735717.540279 0.024291 -0.002194 -2.832881 0.000447 0.000263 -0.001015 0.243367 0.071400 -9.808722
1559735717.552289 0.024292 -0.002189 -2.832875 -0.000731 0.001017 0.000148 0.238262 -0.006182 -9.782022
1559735717.570262 0.024306 -0.002173 -2.832878 0.000710 0.000720 0.000392 0.236716 0.005553 -9.791522
1559735717.588284 0.024306 -0.002188 -2.832850 -0.001892 -0.000138 -0.001559 0.244901 -0.007037 -9.789040
1559735717.606276 0.024292 -0.002171 -2.832856 0.000113 -0.000931 0.000739 0.230437 0.001778 -9.812204
1559735717.618270 0.024294 -0.002188 -2.832840 0.000191 -0.000345 -0.000022 0.236398 0.058373 -9.812887
1559735717.636259 0.024301 -0.002186 -2.832860 -0.001342 -0.000293 0.000579 0.251628 -0.004226 -9.770145
1559735717.648332 0.024313 -0.002173 -2.832859 0.000619 -0.000188 0.001387 0.247125 0.037002 -9.793794
1559735717.666271 0.024311 -0.002199 -2.832810 -0.001564 0.000187 -0.000513 0.235867 0.035909 -9.809405
1559735717.678265 0.024319 -0.002199 -2.832801 -0.001008 -0.000167 0.000226 0.267416 0.011033 -9.794065
1559735717.690300 0.024320 -0.002202 -2.832786 -0.000075 -0.000909 0.000645 0.260601 0.038229 -9.807728
1559735717.708312 0.024315 -0.002196 -2.832782 0.000325 -0.000594 -0.000700 0.234474 -0.000536 -9.773412
1559735717.720282 0.024323 -0.002187 -2.832788 0.000612 0.000995 0.000766 0.237207 0.001893 -9.782284
1559735717.738291 0.024326 -0.002204 -2.832773 -0.000622 -0.001134 -0.001082 0.260907 0.050662 -9.825350
1559735717.750340 0.024318 -0.002174 -2.832788 -0.000454 -0.001354 -0.000337 0.247749 -0.032915 -9.803394
1559735717.768304 0.024315 -0.002151 -2.832776 0.001094 0.000296 0.000885 0.228222 0.006593 -9.800133
1559735717.780275 0.024316 -0.002175 -2.832748 -0.001146 0.000901 0.000044 0.243190 0.029724 -9.806926
1559735717.798330 0.024313 -0.002156 -2.832763 -0.000379 -0.000913 0.000536 0.259161 -0.012918 -9.810109
1559735717.816270 0.024308 -0.002145 -2.832741 0.000603 -0.000823 0.000329 0.250025 0.028008 -9.821735
1559735717.822333 0.024287 -0.002146 -2.832713 -0.001001 -0.001164 0.000129 0.212984 -0.002248 -9.770741
1559735717.840302 0.024287 -0.002136 -2.832708 0.000208 -0.000154 0.001435 0.225792 0.004566 -9.763645
1559735717.858300 0.024302 -0.002146 -2.832688 -0.000400 0.000708 -0.000036 0.236377 0.024425 -9.801674
1559735717.870308 0.024309 -0.002136 -2.832693 0.000155 0.000770 0.000681 0.253451 -0.009226 -9.786546
1559735717.888345 0.024308 -0.002134 -2.832688 0.000731 -0.000562 0.001000 0.252447 0.038493 -9.797081
1559735717.900315 0.024295 -0.002144 -2.832664 -0.000217 -0.001188 0.000211 0.232290 0.015841 -9.782706
1559735717.918361 0.024278 -0.002127 -2.832686 0.000581 -0.001180 0.001166 0.239398 -0.001739 -9.807106
1559735717.930337 0.024281 -0.002152 -2.832667 -0.001031 -0.000153 0.000831 0.240665 0.063959 -9.829644
1559735717.948375 0.024275 -0.002152 -2.832667 -0.000254 -0.000300 0.000315 0.233065 0.000309 -9.783403
1559735717.966331 0.024277 -0.002146 -2.832668 0.000126 0.001101 0.000686 0.225029 0.002726 -9.781847
1559735717.972510 0.024300 -0.002161 -2.832650 0.000337 0.001064 -0.000053 0.251988 0.060727 -9.814629
1559735717.990352 0.024309 -0.002146 -2.832652 -0.000327 -0.000122 -0.000002 0.266637 -0.010821 -9.829462
1559735718.002382 0.024329 -0.002131 -2.832653 0.001020 0.001338 0.000485 0.253354 0.023587 -9.805707
1559735718.020378 0.024332 -0.002153 -2.832624 -0.000753 0.000115 -0.000097 0.243088 0.030860 -9.794098
1559735718.032378 0.024330 -0.002143 -2.832650 -0.000156 -0.000234 0.001148 0.255255 -0.014025 -9.775020
1559735718.050435 0.024339 -0.002132 -2.832659 -0.000224 -0.000115 0.001466 0.269189 0.026049 -9.824629
1559735718.062350 0.024330 -0.002134 -2.832635 -0.001071 -0.000984 -0.001081 0.248916 -0.014738 -9.816121
1559735718.080382 0.024352 -0.002125 -2.832654 -0.001078 0.001660 -0.000118 0.247427 -0.019583 -9.797369
1559735718.092362 0.024355 -0.002145 -2.832645 -0.000365 -0.000023 0.000418 0.262118 0.034615 -9.807677
1559735718.116332 0.024352 -0.002127 -2.832661 -0.000425 -0.001037 0.001248 0.269372 -0.015453 -9.816994
1559735718.128401 0.024348 -0.002131 -2.832669 -0.000677 -0.001643 0.001035 0.259836 0.029165 -9.832459
1559735718.140372 0.024334 -0.002134 -2.832660 -0.000380 -0.001400 -0.000362 0.235298 -0.000222 -9.778713
1559735718.158380 0.024337 -0.002115 -2.832681 0.000644 0.000335 0.000707 0.231033 -0.013972 -9.784285
1559735718.176392 0.024341 -0.002137 -2.832660 -0.000412 -0.000548 -0.000008 0.252049 0.044052 -9.840153
1559735718.188370 0.024336 -0.002127 -2.832676 -0.000150 -0.001396 0.000406 0.266346 -0.010810 -9.805240
1559735718.206410 0.024336 -0.002124 -2.832653 -0.000030 -0.000957 0.000219 0.259820 0.031146 -9.778058
1559735718.218379 0.024333 -0.002148 -2.832638 -0.001515 0.000060 -0.000863 0.238255 0.019560 -9.792992
1559735718.236377 0.024330 -0.002134 -2.832660 0.000269 -0.000635 0.001219 0.253088 0.012874 -9.801734
1559735718.248460 0.024331 -0.002158 -2.832652 0.000147 -0.000763 0.000658 0.258640 0.078818 -9.821275
1559735718.266410 0.024315 -0.002167 -2.832650 -0.001447 -0.001638 -0.000102 0.236234 0.001472 -9.775131
1559735718.278389 0.024308 -0.002151 -2.832671 -0.000103 -0.000952 0.000671 0.230454 -0.009820 -9.777892
1559735718.290421 0.024307 -0.002168 -2.832657 -0.000207 -0.000444 0.001039 0.252039 0.059366 -9.806790
1559735718.308434 0.024302 -0.002166 -2.832676 -0.000912 -0.001405 -0.000076 0.246317 -0.008065 -9.829511
1559735718.320454 0.024292 -0.002146 -2.832703 0.000571 -0.001014 0.001637 0.222350 -0.008520 -9.791734
1559735718.338451 0.024283 -0.002158 -2.832692 -0.000099 -0.000907 -0.000701 0.224433 0.014638 -9.802957
1559735718.356423 0.024275 -0.002144 -2.832708 0.000223 -0.000757 0.001035 0.233895 -0.009102 -9.803368
1559735718.368452 0.024269 -0.002139 -2.832727 0.000099 0.000083 0.001606 0.228496 0.035022 -9.824784
1559735718.386489 0.024248 -0.002146 -2.832726 -0.000813 -0.000455 -0.000215 0.205224 -0.005796 -9.789177
1559735718.398468 0.024267 -0.002124 -2.832744 0.001238 0.002174 0.001217 0.202346 -0.001131 -9.760768
1559735718.416393 0.024273 -0.002145 -2.832722 -0.000445 0.000483 -0.000023 0.235975 0.050040 -9.775757
1559735718.428458 0.024260 -0.002137 -2.832715 -0.001506 -0.001058 -0.000972 0.240797 -0.028379 -9.807115
1559735718.440484 0.024271 -0.002125 -2.832700 0.001072 0.001043 0.000980 0.225193 0.019353 -9.782812
1559735718.458433 0.024275 -0.002148 -2.832667 0.000587 -0.000064 0.000670 0.244233 0.074620 -9.792765
1559735718.470475 0.024291 -0.002154 -2.832659 -0.000925 0.000287 -0.000350 0.271017 0.012016 -9.793289
1559735718.488483 0.024321 -0.002144 -2.832654 0.000374 0.001043 0.000777 0.277845 0.041263 -9.840705
1559735718.500435 0.024348 -0.002171 -2.832642 -0.001211 0.001071 -0.000176 0.269881 0.036061 -9.840285
1559735718.518455 0.024368 -0.002143 -2.832670 0.001044 0.000520 0.000811 0.283898 -0.007018 -9.807646
1559735718.530499 0.024350 -0.002160 -2.832637 -0.000087 -0.001807 -0.000650 0.266833 0.072458 -9.823204
1559735718.548515 0.024345 -0.002170 -2.832644 -0.000522 -0.001197 -0.001213 0.268023 0.018314 -9.828753
1559735718.566491 0.024376 -0.002156 -2.832664 0.000502 0.000790 0.000549 0.276798 0.008779 -9.831025
1559735718.578514 0.024370 -0.002165 -2.832641 0.000069 -0.000516 -0.000658 0.259809 0.048259 -9.807133
1559735718.590477 0.024358 -0.002163 -2.832649 -0.001048 -0.000052 -0.000294 0.257024 0.000731 -9.769850
1559735718.608513 0.024356 -0.002151 -2.832653 0.000597 -0.000372 0.000787 0.243668 0.046234 -9.815009
1559735718.620515 0.024320 -0.002149 -2.832679 -0.001921 -0.001995 0.001363 0.192836 -0.059892 -9.753231
1559735718.638515 0.024353 -0.002099 -2.832716 0.001166 0.001711 0.001314 0.260535 -0.053977 -9.779520
1559735718.650572 0.024331 -0.002138 -2.832684 -0.000360 -0.001503 0.001942 0.241170 0.078287 -9.876283
1559735718.668499 0.024301 -0.002127 -2.832694 -0.001204 -0.000935 0.000806 0.179373 -0.046703 -9.765763
1559735718.680529 0.024304 -0.002090 -2.832722 0.001372 0.000385 0.000933 0.217831 -0.033397 -9.738401
1559735718.698501 0.024300 -0.002117 -2.832698 0.000311 -0.000782 -0.000487 0.234386 0.080494 -9.865515
1559735718.716486 0.024278 -0.002107 -2.832720 -0.000534 -0.000367 0.000812 0.213523 -0.026737 -9.789051
1559735718.722484 0.024274 -0.002061 -2.832733 0.001276 0.000338 0.002302 0.187654 -0.041307 -9.779280
1559735718.740543 0.024283 -0.002063 -2.832695 0.001228 -0.000171 -0.000627 0.231881 0.024966 -9.771309
1559735718.752571 0.024269 -0.002063 -2.832690 0.000944 0.000255 0.000637 0.216563 -0.003490 -9.768243
1559735718.770545 0.024291 -0.002076 -2.832701 -0.000953 0.001362 0.001926 0.243614 0.021799 -9.833851
1559735718.782764 0.024307 -0.002080 -2.832699 -0.000826 0.000576 0.000805 0.262327 0.010936 -9.799501
1559735718.800558 0.024323 -0.002090 -2.832688 -0.000118 0.001269 0.000598 0.263322 0.038945 -9.750502
1559735718.818568 0.024336 -0.002103 -2.832651 0.001452 0.000493 -0.000390 0.269874 0.075161 -9.856178
1559735718.830539 0.024335 -0.002095 -2.832675 0.000295 -0.001540 0.001436 0.307516 0.012887 -9.841156
1559735718.848615 0.024344 -0.002100 -2.832677 -0.000654 -0.001557 -0.000186 0.286791 0.034133 -9.822515
1559735718.866556 0.024336 -0.002124 -2.832668 -0.001499 -0.001904 0.000182 0.251982 0.016979 -9.791496
1559735718.878576 0.024346 -0.002112 -2.832697 0.000206 -0.000059 0.001121 0.272114 0.003054 -9.814074
1559735718.890562 0.024368 -0.002137 -2.832675 -0.000843 0.000796 0.000213 0.285403 0.055250 -9.847064
1559735718.908608 0.024349 -0.002141 -2.832700 -0.000982 -0.001149 0.000837 0.261946 -0.010059 -9.822797
1559735718.920600 0.024335 -0.002122 -2.832698 0.001240 -0.000191 0.000375 0.228823 0.011859 -9.786917
1559735718.938599 0.024332 -0.002135 -2.832690 0.000058 -0.000067 -0.000837 0.242690 0.024479 -9.805591
1559735718.950588 0.024323 -0.002105 -2.832712 0.000625 -0.001294 0.000108 0.258512 -0.034826 -9.804995
1559735718.968577 0.024302 -0.002090 -2.832720 0.000165 -0.001698 0.000978 0.235784 -0.005119 -9.805619
1559735718.980595 0.024278 -0.002090 -2.832712 -0.000023 -0.001595 0.000123 0.201552 -0.032442 -9.758069
1559735718.998612 0.024284 -0.002080 -2.832746 0.000402 0.000603 0.001983 0.231116 -0.030103 -9.756413
1559735719.016536 0.024288 -0.002106 -2.832721 -0.001336 0.000586 0.001041 0.234240 0.049319 -9.826458
1559735719.022600 0.024286 -0.002111 -2.832722 -0.002208 0.000179 0.000247 0.222723 -0.008871 -9.824709
1559735719.040606 0.024287 -0.002112 -2.832727 -0.000462 0.000070 0.001954 0.229906 0.022644 -9.789192
1559735719.052623 0.024279 -0.002141 -2.832711 -0.000338 -0.000728 0.001912 0.227920 0.084217 -9.804464
1559735719.070572 0.024254 -0.002114 -2.832725 0.000975 -0.001580 0.001222 0.230176 -0.006301 -9.805984
1559735719.082620 0.024265 -0.002096 -2.832715 0.001755 0.000851 0.000895 0.227547 0.024094 -9.815391
1559735719.100592 0.024268 -0.002112 -2.832678 -0.000619 0.000267 -0.000930 0.231862 0.025351 -9.798164
1559735719.118631 0.024283 -0.002099 -2.832683 0.000142 0.001554 0.000341 0.224199 0.001791 -9.769069
1559735719.130636 0.024287 -0.002121 -2.832655 -0.000510 0.000236 0.000195 0.244418 0.084680 -9.805555
1559735719.148859 0.024293 -0.002116 -2.832653 -0.000894 -0.000110 -0.000031 0.262978 -0.004168 -9.806485
1559735719.166609 0.024293 -0.002101 -2.832665 0.000464 -0.000925 0.001200 0.257864 0.002201 -9.784520
1559735719.178608 0.024295 -0.002112 -2.832644 -0.000125 0.000455 0.000289 0.244854 0.021666 -9.801781
1559735719.190610 0.024302 -0.002108 -2.832661 -0.000326 0.000251 0.001410 0.262370 -0.012071 -9.800185
1559735719.208651 0.024321 -0.002103 -2.832656 -0.000924 0.000593 0.000196 0.277800 0.027646 -9.838824
1559735719.220621 0.024313 -0.002105 -2.832643 -0.000621 -0.000401 0.000414 0.254050 -0.010132 -9.818716
1559735719.238678 0.024317 -0.002091 -2.832669 -0.000367 -0.000679 0.000999 0.245187 -0.009519 -9.795162
1559735719.250696 0.024308 -0.002112 -2.832624 -0.000572 -0.000801 -0.000342 0.243639 0.053922 -9.817472
1559735719.268644 0.024313 -0.002117 -2.832641 -0.001438 0.000116 0.000936 0.260432 0.001604 -9.795755
1559735719.280652 0.024319 -0.002105 -2.832649 -0.000147 -0.000234 0.000768 0.251696 0.000252 -9.793166
1559735719.298637 0.024300 -0.002110 -2.832630 -0.000857 -0.001256 -0.000385 0.229300 0.005147 -9.786229
1559735719.316682 0.024287 -0.002100 -2.832618 0.000913 -0.000876 0.000915 0.229042 0.008949 -9.770999
1559735719.322677 0.024291 -0.002098 -2.832604 0.000320 -0.000146 0.001062 0.230971 0.027491 -9.792403
1559735719.340707 0.024281 -0.002108 -2.832570 -0.001156 -0.000032 0.000393 0.215899 -0.006653 -9.786633
1559735719.352751 0.024277 -0.002090 -2.832561 0.000709 0.000055 0.000927 0.219740 0.017757 -9.782104
1559735719.370706 0.024285 -0.002125 -2.832514 -0.000195 0.000069 0.000151 0.238802 0.072126 -9.811383
1559735719.388715 0.024289 -0.002119 -2.832520 -0.000650 0.000693 0.000715 0.241330 -0.003402 -9.799274
1559735719.406711 0.024299 -0.002126 -2.832496 -0.000340 0.001000 0.000856 0.241831 0.050358 -9.815667
1559735719.418713 0.024305 -0.002151 -2.832488 -0.001059 0.000708 -0.000080 0.235932 0.022075 -9.813342
1559735719.436713 0.024312 -0.002127 -2.832511 0.000702 0.000405 0.001047 0.252924 -0.019894 -9.788672
1559735719.448774 0.024325 -0.002143 -2.832503 -0.000305 0.000659 0.000643 0.258683 0.055611 -9.821541
1559735719.466704 0.024313 -0.002144 -2.832482 -0.000211 -0.001091 -0.000293 0.254111 -0.001152 -9.810318
1559735719.478719 0.024332 -0.002120 -2.832469 0.000891 0.000575 0.000963 0.246632 0.004056 -9.781515
1559735719.490714 0.024341 -0.002129 -2.832440 -0.000035 0.000231 -0.000603 0.261950 0.048348 -9.800664
1559735719.508722 0.024350 -0.002112 -2.832460 -0.000880 -0.000035 -0.000556 0.278306 -0.030261 -9.804148
1559735719.520744 0.024347 -0.002093 -2.832447 0.000415 -0.000467 -0.000023 0.237618 0.006771 -9.804253
1559735719.538713 0.024336 -0.002106 -2.832438 -0.001341 -0.001307 0.000673 0.248165 0.017672 -9.803943
1559735719.551069 0.024336 -0.002081 -2.832465 -0.000177 -0.001198 0.001578 0.262764 -0.047280 -9.786063
1559735719.568772 0.024336 -0.002076 -2.832465 0.000064 -0.000304 0.000239 0.246661 0.021352 -9.817513
1559735719.580701 0.024337 -0.002089 -2.832442 -0.001400 0.000498 0.000182 0.232167 0.009757 -9.782143
1559735719.598741 0.024354 -0.002079 -2.832455 -0.000452 0.000609 0.001148 0.252472 -0.006878 -9.800829
1559735719.622622 0.024341 -0.002088 -2.832447 -0.000001 -0.001168 0.001764 0.247449 0.059048 -9.812009
1559735719.622651 0.024304 -0.002085 -2.832430 -0.001160 -0.002319 0.000657 0.205152 -0.002478 -9.791188
1559735719.634721 0.024313 -0.002066 -2.832439 0.000385 0.000203 0.000106 0.231070 -0.005033 -9.804863
1559735719.652739 0.024310 -0.002088 -2.832422 -0.000483 -0.000480 0.000756 0.241359 0.053093 -9.820997
1559735719.664771 0.024293 -0.002096 -2.832414 -0.001892 -0.000368 -0.000584 0.213440 -0.013858 -9.777059
1559735719.682760 0.024303 -0.002078 -2.832402 0.000970 0.001036 0.000141 0.199580 0.008955 -9.762854
1559735719.694747 0.024325 -0.002109 -2.832394 -0.000653 0.002169 0.000865 0.238187 0.051507 -9.797440
1559735719.712767 0.024326 -0.002098 -2.832408 0.000206 0.000573 0.000634 0.253130 -0.017601 -9.779074
1559735719.724748 0.024330 -0.002097 -2.832406 0.000473 0.000877 0.000050 0.239201 0.033036 -9.795804
1559735719.742763 0.024332 -0.002127 -2.832412 -0.002174 0.000134 0.000917 0.242501 0.017093 -9.766449
1559735719.754805 0.024343 -0.002117 -2.832439 -0.000964 0.000167 0.001087 0.260017 -0.005167 -9.783859
1559735719.772776 0.024358 -0.002130 -2.832421 0.000214 0.001277 0.000826 0.262520 0.065060 -9.825985
1559735719.784812 0.024360 -0.002142 -2.832447 -0.001559 0.000860 0.000640 0.236669 -0.000814 -9.819235
1559735719.796791 0.024378 -0.002129 -2.832463 -0.000059 0.001034 0.000461 0.258214 0.008975 -9.793452
1559735719.814756 0.024392 -0.002159 -2.832451 -0.000937 0.000036 0.000232 0.270242 0.068303 -9.828116
1559735719.826781 0.024383 -0.002162 -2.832460 -0.001430 -0.001141 -0.000192 0.271974 -0.009347 -9.834689
1559735719.844821 0.024369 -0.002160 -2.832457 -0.000169 -0.000861 0.000767 0.237378 0.030557 -9.838034
1559735719.856805 0.024359 -0.002172 -2.832441 -0.000493 -0.000760 -0.000124 0.219961 0.016990 -9.811245
1559735719.874800 0.024353 -0.002140 -2.832490 0.000762 0.000720 0.001802 0.218267 -0.033366 -9.793590
1559735719.892756 0.024355 -0.002162 -2.832471 -0.000237 0.000567 -0.000323 0.225382 0.063184 -9.805733
1559735719.904800 0.024348 -0.002177 -2.832460 -0.001167 -0.000470 -0.000273 0.208092 0.030394 -9.758874
1559735719.922805 0.024351 -0.002161 -2.832470 0.000593 0.001465 0.001212 0.199279 0.005635 -9.728265
1559735719.934821 0.024341 -0.002178 -2.832462 -0.000426 -0.000118 -0.000087 0.214473 0.049676 -9.759491
1559735719.946828 0.024330 -0.002171 -2.832472 -0.000620 -0.000518 -0.000016 0.231738 -0.012108 -9.791886
1559735719.964868 0.024347 -0.002176 -2.832477 -0.000296 0.001237 0.000674 0.233891 0.031399 -9.800554
1559735719.976796 0.024355 -0.002203 -2.832456 -0.002505 0.000874 -0.001060 0.235861 0.024269 -9.824617
1559735719.994796 0.024363 -0.002193 -2.832504 -0.001140 0.000069 0.000951 0.257169 -0.033173 -9.780305
1559735720.006829 0.024377 -0.002209 -2.832510 -0.000636 0.000557 0.001084 0.282566 0.041844 -9.844837
1559735720.024817 0.024383 -0.002222 -2.832527 -0.000993 -0.001012 0.000053 0.270100 0.012763 -9.869714
1559735720.036842 0.024415 -0.002195 -2.832568 0.000802 0.000915 0.001042 0.276596 -0.020879 -9.834983
1559735720.054840 0.024433 -0.002214 -2.832585 -0.000282 -0.000282 0.001179 0.292526 0.074423 -9.813230
1559735720.072829 0.024433 -0.002208 -2.832588 -0.000074 -0.001345 0.000480 0.294123 -0.000073 -9.826606
1559735720.078818 0.024442 -0.002185 -2.832637 0.001429 -0.000301 0.001457 0.284971 -0.008722 -9.832499
1559735720.096871 0.024455 -0.002191 -2.832617 0.000511 -0.001153 0.000615 0.303715 0.051163 -9.815627
1559735720.115178 0.024451 -0.002188 -2.832646 -0.000525 -0.000706 0.000856 0.267125 -0.011687 -9.736471
1559735720.126825 0.024447 -0.002185 -2.832642 0.000082 -0.001028 0.000460 0.269399 0.035814 -9.786670
1559735720.144858 0.024435 -0.002206 -2.832646 -0.002057 -0.001837 -0.000017 0.263607 0.015318 -9.836584
1559735720.156838 0.024427 -0.002187 -2.832656 0.000814 -0.001540 0.000921 0.265590 -0.001610 -9.817429
1559735720.174841 0.024401 -0.002209 -2.832636 -0.000716 -0.001683 0.001008 0.234086 0.061421 -9.808219
1559735720.192863 0.024378 -0.002208 -2.832646 -0.001407 -0.001472 -0.000648 0.237832 -0.010276 -9.795243
1559735720.204879 0.024361 -0.002201 -2.832637 0.000101 -0.001336 -0.000486 0.224548 0.023354 -9.821508
1559735720.228873 0.024333 -0.002214 -2.832616 -0.001010 -0.001437 -0.000001 0.210038 0.007044 -9.828732
1559735720.234852 0.024302 -0.002192 -2.832650 -0.000045 -0.001633 0.001996 0.198535 -0.029138 -9.759712
1559735720.247023 0.024293 -0.002192 -2.832639 0.000099 -0.000461 0.001140 0.198764 0.032505 -9.755027
1559735720.264892 0.024283 -0.002200 -2.832644 -0.000820 0.000997 0.001218 0.185477 0.009443 -9.782705
1559735720.276918 0.024285 -0.002180 -2.832645 0.000754 0.001702 0.001604 0.200845 -0.018412 -9.783041
1559735720.294899 0.024274 -0.002191 -2.832629 0.000147 0.000795 0.000887 0.204747 0.062976 -9.771374
1559735720.306897 0.024259 -0.002196 -2.832623 -0.001156 0.000785 -0.000167 0.215476 -0.005058 -9.740872
1559735720.324889 0.024265 -0.002173 -2.832636 -0.000141 0.000698 0.000472 0.208466 0.006270 -9.767568
1559735720.336933 0.024293 -0.002182 -2.832603 -0.000396 0.002033 -0.000485 0.238874 0.023610 -9.830675
1559735720.354931 0.024307 -0.002175 -2.832629 -0.000534 0.001419 0.000212 0.265248 -0.024493 -9.799764
1559735720.378874 0.024325 -0.002171 -2.832634 0.000633 0.000017 0.001559 0.273908 0.045286 -9.836268
1559735720.384948 0.024332 -0.002181 -2.832648 -0.001645 -0.001239 -0.000488 0.269053 -0.019982 -9.840740
1559735720.396874 0.024353 -0.002169 -2.832671 -0.000290 0.000617 0.000491 0.277752 -0.020064 -9.852018
1559735720.414886 0.024357 -0.002193 -2.832674 -0.001051 -0.000385 0.000601 0.280246 0.061201 -9.856305
1559735720.426930 0.024358 -0.002193 -2.832693 -0.001359 -0.000920 0.000389 0.279088 -0.019361 -9.811745
1559735720.444956 0.024367 -0.002166 -2.832723 0.000410 0.000117 0.001089 0.247035 -0.003191 -9.788065
1559735720.456901 0.024352 -0.002194 -2.832698 -0.000209 -0.000982 0.000352 0.241921 0.043256 -9.787651
1559735720.474898 0.024359 -0.002194 -2.832712 -0.001044 0.000358 0.000157 0.236526 0.014928 -9.751350
1559735720.486931 0.024369 -0.002200 -2.832713 -0.001737 0.000591 0.001649 0.241893 0.027125 -9.776325
1559735720.504940 0.024363 -0.002210 -2.832713 -0.001345 0.000223 0.000544 0.216281 -0.008419 -9.772883
1559735720.522902 0.024381 -0.002204 -2.832703 0.000022 0.002374 0.000767 0.213447 0.016067 -9.776099
1559735720.534935 0.024386 -0.002226 -2.832702 -0.000368 0.001296 -0.000146 0.220934 0.067986 -9.810909
1559735720.546992 0.024375 -0.002203 -2.832712 0.000327 -0.001306 -0.000755 0.250099 -0.027826 -9.824116
1559735720.564991 0.024375 -0.002185 -2.832743 0.000244 -0.000010 0.000444 0.236916 -0.002836 -9.848887
1559735720.576975 0.024387 -0.002206 -2.832726 -0.000847 0.001107 -0.000445 0.256294 0.015260 -9.853190
1559735720.594916 0.024402 -0.002190 -2.832779 -0.000890 0.000889 0.001517 0.261385 -0.024720 -9.797921
1559735720.606968 0.024406 -0.002183 -2.832774 0.000876 -0.000253 0.000185 0.274183 0.041770 -9.823560
1559735720.624971 0.024409 -0.002190 -2.832803 -0.001150 -0.001186 0.000539 0.277048 -0.000727 -9.822034
1559735720.642946 0.024425 -0.002187 -2.832799 -0.000451 0.000075 0.000324 0.273109 0.016899 -9.771739
1559735720.654981 0.024428 -0.002221 -2.832780 -0.001201 -0.000007 -0.000209 0.249213 0.041721 -9.779054
1559735720.672945 0.024440 -0.002215 -2.832799 0.000780 -0.000310 0.000619 0.276585 0.018404 -9.755990
1559735720.684993 0.024449 -0.002226 -2.832788 0.000110 -0.000757 0.000126 0.269870 0.054524 -9.817578
1559735720.696994 0.024443 -0.002247 -2.832746 -0.000761 -0.001309 -0.001343 0.249705 0.033204 -9.828483
1559735720.714959 0.024434 -0.002251 -2.832734 -0.000860 -0.000877 -0.000897 0.242340 0.022985 -9.783122
1559735720.726989 0.024414 -0.002274 -2.832700 0.000155 -0.001397 0.000135 0.240454 0.084513 -9.828767
1559735720.744975 0.024408 -0.002279 -2.832713 -0.000737 -0.001722 0.000046 0.250263 0.018858 -9.818522
1559735720.762973 0.024412 -0.002271 -2.832702 0.000709 -0.000409 0.000511 0.240686 0.031934 -9.820964
1559735720.775017 0.024390 -0.002288 -2.832655 0.000071 -0.001776 -0.000140 0.225229 0.041144 -9.804114
1559735720.792989 0.024388 -0.002275 -2.832659 0.000410 -0.000049 0.000963 0.240963 0.012639 -9.782128
1559735720.805019 0.024376 -0.002264 -2.832654 0.001074 -0.001071 0.001191 0.247540 0.044279 -9.793645
1559735720.829026 0.024358 -0.002251 -2.832646 -0.000532 -0.001546 -0.000229 0.220077 -0.034062 -9.772131
1559735720.834977 0.024367 -0.002227 -2.832684 0.000389 0.000954 0.000997 0.232124 -0.014712 -9.742397
1559735720.847041 0.024374 -0.002227 -2.832691 0.000028 0.000534 0.000794 0.232563 0.034385 -9.783665
1559735720.865016 0.024376 -0.002214 -2.832711 -0.001100 0.000388 0.000198 0.235442 -0.051078 -9.780644
1559735720.883035 0.024398 -0.002202 -2.832731 -0.000150 0.001527 0.000835 0.251961 -0.020543 -9.816080
1559735720.894993 0.024396 -0.002198 -2.832731 0.000361 -0.000823 0.000013 0.245430 -0.016931 -9.817756
1559735720.913041 0.024392 -0.002173 -2.832759 0.000529 -0.000209 0.001446 0.252844 -0.039026 -9.774955
1559735720.925044 0.024388 -0.002183 -2.832758 -0.000679 -0.000510 0.000536 0.244630 0.031500 -9.831365
1559735720.943008 0.024374 -0.002178 -2.832766 -0.001442 -0.001184 -0.000035 0.236451 -0.032469 -9.807413
1559735720.955080 0.024382 -0.002160 -2.832786 0.000499 0.000941 0.001108 0.229451 -0.009396 -9.777964
1559735720.979029 0.024397 -0.002195 -2.832769 -0.000823 0.001222 0.000631 0.238619 0.070049 -9.800061
1559735720.985060 0.024393 -0.002181 -2.832811 -0.000881 -0.000978 0.000654 0.255756 -0.020864 -9.795629
1559735720.997032 0.024394 -0.002168 -2.832801 0.000524 -0.000448 0.000012 0.249974 0.028137 -9.793997
